7.422656250000000000e+01
1.316718750000000000e+02
7.514843750000000000e+01
1.491406250000000000e+02
7.791406250000000000e+01
1.639218750000000000e+02
8.344531250000000000e+01
1.813906250000000000e+02
9.082031250000000000e+01
1.948281250000000000e+02
1.009609375000000000e+02
2.055781250000000000e+02
1.120234375000000000e+02
2.109531250000000000e+02
1.240078125000000000e+02
2.136406250000000000e+02
1.359921875000000000e+02
2.136406250000000000e+02
1.488984375000000000e+02
2.136406250000000000e+02
1.608828125000000000e+02
2.096093750000000000e+02
1.728671875000000000e+02
2.002031250000000000e+02
1.802421875000000000e+02
1.881093750000000000e+02
1.857734375000000000e+02
1.719843750000000000e+02
1.857734375000000000e+02
1.518281250000000000e+02
1.857734375000000000e+02
1.357031250000000000e+02
1.857734375000000000e+02
1.155468750000000000e+02
7.699218750000000000e+01
1.142031250000000000e+02
8.344531250000000000e+01
1.088281250000000000e+02
9.266406250000000000e+01
1.081562500000000000e+02
1.014218750000000000e+02
1.074843750000000000e+02
1.101796875000000000e+02
1.081562500000000000e+02
1.392187500000000000e+02
1.054687500000000000e+02
1.479765625000000000e+02
1.027812500000000000e+02
1.595000000000000000e+02
9.942187500000000000e+01
1.705625000000000000e+02
1.007656250000000000e+02
1.811640625000000000e+02
1.061406250000000000e+02
1.258515625000000000e+02
1.209218750000000000e+02
1.267734375000000000e+02
1.316718750000000000e+02
1.276953125000000000e+02
1.437656250000000000e+02
1.286171875000000000e+02
1.558593750000000000e+02
1.184765625000000000e+02
1.625781250000000000e+02
1.249296875000000000e+02
1.639218750000000000e+02
1.304609375000000000e+02
1.652656250000000000e+02
1.369140625000000000e+02
1.625781250000000000e+02
1.424453125000000000e+02
1.612343750000000000e+02
8.621093750000000000e+01
1.262968750000000000e+02
9.174218750000000000e+01
1.209218750000000000e+02
1.046484375000000000e+02
1.195781250000000000e+02
1.101796875000000000e+02
1.249531250000000000e+02
1.046484375000000000e+02
1.276406250000000000e+02
9.174218750000000000e+01
1.289843750000000000e+02
1.424453125000000000e+02
1.222656250000000000e+02
1.488984375000000000e+02
1.142031250000000000e+02
1.636484375000000000e+02
1.142031250000000000e+02
1.691796875000000000e+02
1.182343750000000000e+02
1.636484375000000000e+02
1.222656250000000000e+02
1.507421875000000000e+02
1.222656250000000000e+02
1.129453125000000000e+02
1.813906250000000000e+02
1.212421875000000000e+02
1.773593750000000000e+02
1.286171875000000000e+02
1.746718750000000000e+02
1.323046875000000000e+02
1.733281250000000000e+02
1.359921875000000000e+02
1.733281250000000000e+02
1.461328125000000000e+02
1.746718750000000000e+02
1.553515625000000000e+02
1.760156250000000000e+02
1.488984375000000000e+02
1.827343750000000000e+02
1.415234375000000000e+02
1.881093750000000000e+02
1.341484375000000000e+02
1.894531250000000000e+02
1.267734375000000000e+02
1.881093750000000000e+02
1.203203125000000000e+02
1.854218750000000000e+02
1.147890625000000000e+02
1.813906250000000000e+02
1.240078125000000000e+02
1.813906250000000000e+02
1.332265625000000000e+02
1.800468750000000000e+02
1.433671875000000000e+02
1.800468750000000000e+02
1.544296875000000000e+02
1.760156250000000000e+02
1.433671875000000000e+02
1.800468750000000000e+02
1.332265625000000000e+02
1.800468750000000000e+02
1.240078125000000000e+02
1.813906250000000000e+02
